140
6 11 9625.401945353664
16 13 6837.708651314353
10 3 9441.154280182413
2 17 4491.98704196451
14 1 7375.617
20 15 8023.688918681031
10 1 5832.611112581856
15 5 1343.2634865067487
4 15 5282.195603799678
19 3 1884.33566811
3 12 7930.229620339842
15 12 9551.868662671464
15 7 5461.118300202377
19 4 3104.4311688155967
2 18 3962.1297801999062
3 11 264.937594936266
8 14 4432.122441
9 15 1904.6936526142924
16 17 3591.376122794173
19 7 6065.580899070474
6 20 2788.4147940000003
15 8 5421.80943553724
10 12 6933.272377874224
12 6 1013.915179815094
10 10 1649.0
14 17 2388.422378410398
7 18 3563.5437033537537
9 3 737.5591151711255
19 4 9356.078936017006
16 15 8691.912506951172
14 2 9846.277866
1 16 1209.364637787
19 5 436.25062624843804
20 16 2028.825369620193
6 7 3070.5122732663162
13 12 9885.424250699665
3 7 9399.308584261438
3 11 1954.1637641539621
17 9 6378.014035932044
7 8 1495.5044985
10 3 6028.700853790939
16 8 1894.403404393902
13 9 593.4269430689515
13 8 9891.266753079
9 1 353.582128580355
18 15 3163.5771136390513
14 17 3018.8941738790313
2 3 2027.97
5 7 7828.467548148
17 15 3426.915350335713
15 11 995.008994995009
20 1 373.25237400000003
19 6 8854.767945216909
12 12 6974.0
1 17 1658.015987337
3 2 4254.741
12 11 1143.5624398530001
1 14 3615.381
8 2 1177.64118
19 18 4898.572420517552
10 15 5694.240398961479
2 16 7116.462841427146
9 14 2940.254520464772
2 17 997.002001997001
10 20 8202.61161508373
6 20 7638.699654
9 12 645.354
9 6 9714.508399686536
7 4 1647.393917385654
13 18 6372.630036876127
13 14 3257.208797733
8 10 4241.72758739131
5 4 5857.392619125
14 13 7681.908107295
15 12 9270.843729566564
11 11 2776.0
8 15 3316.368296686662
6 16 945.3559587133001
8 17 2587.816593
13 12 2640.756513473267
17 12 5586.597631569609
15 7 8623.079951630072
16 14 4099.788108
8 15 1911.4141907996031
4 5 9748.695324222
9 19 7196.422933608494
7 15 2847.8529177429577
15 17 215.48554941259044
7 5 7704.839176272
18 5 6682.487092873574
14 7 9315.675
14 15 8291.418246711657
14 4 5087.706303897
18 19 5811.158687384697
20 4 6355.270368
18 13 4087.389597821655
20 17 2511.486
7 15 9130.02759143772
12 12 204.0
20 3 7474.028993991505
11 1 1293.409296
8 13 5487.504506496
20 4 747.502749
17 15 8856.753987146978
3 6 4574.456938029002
8 15 2198.972077911048
5 2 3927.1339350000003
18 11 7863.467338427895
1 9 5747.950602921771
11 6 9957.071942021998
3 12 4693.462122853581
9 4 5874.233886
4 19 9623.73662332835
14 19 2160.337005326169
1 11 5073.837084
14 3 6338.945067642
6 6 6790.0
2 9 1316.3982167766137
17 12 24.900149900025
2 7 9712.803216258
6 9 3132.141202027246
20 14 5462.579431521
10 18 2602.089297295463
20 6 3915.157923
20 1 3648.691656
20 18 7328.3213430000005
7 9 6166.868936013023
2 8 9290.391309
16 13 6756.117832133943
5 4 515.450550483
11 9 6564.675519642591
8 17 9279.413298
12 6 6818.803461504258
1 18 763.9365989327671
11 16 2701.452122863572
20 12 7275.130883703
15 18 1038.6532574412313
11 4 4239.508248
18 5 2571.1058141729172
20 12 7292.079934686
